# GIMP colorrc
# 
# This file holds a list of recently used colors.

(color-history
    (color-rgba 1 1 1 1)
    (color-rgba 0.90291262135922334 0.90291262135922334 0.90291262135922334 1)
    (color-rgba 0 0 0 1)
    (color-rgba 0 0 0 4.6466909274083156e-310)
    (color-rgba 0.73236286020290464 0.24395647357789793 0.75728155339805825 1)
    (color-rgba 0.61043418845006958 0.74757281553398058 0.40639864468625791 1)
    (color-rgba 0.70112956440557173 0.81553398058252424 0.53091809474164331 1)
    (color-rgba 0.34345922517342209 0.43203883495145634 0.21167003323125042 1)
    (color-rgba 0.4901961088180542 0.65098041296005249 0.25098040699958801 1)
    (color-rgba 0.91372555494308472 0.50980395078659058 0.0078431377187371254 1)
    (color-rgba 0.99215686321258545 0.57647061347961426 0.058823529630899429 1)
    (color-rgba 0.73333334922790527 0.011764707043766975 0.058823533356189728 1)
    (color-rgba 0.043137256056070328 0.42352944612503052 0.97647064924240112 1)
    (color-rgba 0.090196078431372548 0.10588235294117647 0.058823529411764705 4.6667653986334502e-310)
    (color-rgba 0.039247627114962734 0.048543689320388328 0.013683456050042349 1)
    (color-rgba 0.054035790264606476 0.07328178733587265 0.0029056791681796312 1)
    (color-rgba -0.0015429748455062509 0.025021424517035484 -0.054307654500007629 1)
    (color-rgba 0.073530144989490509 0.090496696531772614 0.032749906182289124 1)
    (color-rgba 0.090196078431372548 0.10588235294117647 0.058823529411764705 1)
    (color-rgba 0.086776696145534515 0.094654910266399384 0.025371842086315155 1)
    (color-rgba 0.095200367271900177 0.1019810363650322 0.038081683218479156 1)
    (color-rgba 0.10196078431372549 0.10980392156862745 0.050980392156862744 1)
    (color-rgba 0.18823529411764706 0.27058823529411763 0.33725490196078434 4.66512658998493e-310)
    (color-rgba 0.18823531270027161 0.27058824896812439 0.33725491166114807 1)
    (color-rgba 0.99215692281723022 0.72156864404678345 0.070588238537311554 1)
    (color-rgba 0.59999999999999998 0.556863 0.51764699999999997 1)
    (color-rgba 0.72549019607843135 0.72549019607843135 0.72549019607843135 4.6847636587705493e-310)
    (color-rgba 0.72549019607843135 0.72549019607843135 0.72549019607843135 1)
    (color-rgba 0.74117647058823533 0.74117647058823533 0.74117647058823533 4.6847643829901546e-310)
    (color-rgba 0.74271844660194175 0.74271844660194175 0.74271844660194175 1)
    (color-rgba 0.047058828175067902 0.047058828175067902 0.047058828175067902 1)
    (color-rgba 0.72815533980582525 0.29321691535805045 0.46113617718282979 1)
    (color-rgba 0.91764712333679199 0.29803922772407532 0.5372549295425415 1)
    (color-rgba 0.58952000000000004 0 0 1)
    (color-rgba 0.70980399999999999 0.70980399999999999 0.70980399999999999 1)
    (color-rgba 0.87058800000000003 0.87058800000000003 0.87058800000000003 1)
    (color-rgba 0.90196100000000001 0.90196100000000001 0.90196100000000001 1)
    (color-rgba 0.23921600000000001 0.247059 0.235294 1))

# end of colorrc
